 [
        [
            1543677446,
            86.61,
            3
        ],
        [
            1543677386,
            86.67,
            3
        ],
        [
            1543677326,
            86.67,
            3
        ],
        [
            1543677266,
            86.78,
            3
        ],
        [
            1543677206,
            86.67,
            3
        ],
        [
            1543677146,
            86.56,
            3
        ],
        [
            1543677086,
            86.67,
            3
        ],
        [
            1543677026,
            86.61,
            3
        ],
        [
            1543676966,
            86.7,
            3
        ],
        [
            1543676906,
            86.6,
            3
        ],
        [
            1543676846,
            86.64,
            3
        ],
        [
            1543676786,
            86.71,
            3
        ],
        [
            1543676726,
            86.76,
            3
        ],
        [
            1543676665,
            86.67,
            3
        ],
        [
            1543676605,
            86.65,
            3
        ],
        [
            1543676545,
            86.8,
            3
        ],
        [
            1543676485,
            86.58,
            3
        ],
        [
            1543676425,
            86.82,
            3
        ],
        [
            1543676365,
            86.65,
            3
        ],
        [
            1543676305,
            86.64,
            3
        ],
        [
            1543676245,
            86.7,
            3
        ],
        [
            1543676185,
            86.66,
            3
        ],
        [
            1543676125,
            86.6,
            3
        ],
        [
            1543676065,
            86.69,
            3
        ],
        [
            1543676005,
            86.73,
            3
        ],
        [
            1543675945,
            86.68,
            3
        ],
        [
            1543675885,
            86.64,
            3
        ],
        [
            1543675825,
            86.81,
            3
        ],
        [
            1543675765,
            86.63,
            3
        ],
        [
            1543675705,
            86.71,
            3
        ],
        [
            1543675645,
            86.61,
            3
        ],
        [
            1543675585,
            86.72,
            3
        ],
        [
            1543675525,
            86.67,
            3
        ],
        [
            1543675465,
            86.87,
            3
        ],
        [
            1543675405,
            86.73,
            3
        ],
        [
            1543675345,
            86.61,
            3
        ],
        [
            1543675285,
            86.69,
            3
        ],
        [
            1543675225,
            86.6,
            3
        ],
        [
            1543675165,
            86.78,
            3
        ],
        [
            1543675105,
            86.76,
            3
        ],
        [
            1543675045,
            86.75,
            3
        ],
        [
            1543674985,
            86.8,
            3
        ],
        [
            1543674925,
            86.76,
            3
        ],
        [
            1543674865,
            86.81,
            3
        ],
        [
            1543674805,
            86.56,
            3
        ],
        [
            1543674745,
            86.5,
            3
        ],
        [
            1543674685,
            86.7,
            3
        ],
        [
            1543674625,
            86.76,
            3
        ],
        [
            1543674565,
            86.67,
            3
        ],
        [
            1543674505,
            86.63,
            3
        ],
        [
            1543674445,
            86.6,
            3
        ],
        [
            1543674385,
            86.75,
            3
        ],
        [
            1543674325,
            86.67,
            3
        ],
        [
            1543674265,
            86.67,
            3
        ],
        [
            1543674205,
            86.61,
            3
        ],
        [
            1543674145,
            86.75,
            3
        ],
        [
            1543674085,
            86.7,
            3
        ],
        [
            1543674025,
            86.55,
            3
        ],
        [
            1543673965,
            86.76,
            3
        ],
        [
            1543673905,
            86.57,
            3
        ],
        [
            1543673845,
            86.76,
            3
        ],
        [
            1543673785,
            86.62,
            3
        ],
        [
            1543673725,
            86.76,
            3
        ],
        [
            1543673665,
            86.72,
            3
        ],
        [
            1543673605,
            86.66,
            3
        ],
        [
            1543673545,
            86.82,
            3
        ],
        [
            1543673485,
            86.72,
            3
        ],
        [
            1543673425,
            86.67,
            3
        ],
        [
            1543673365,
            86.69,
            3
        ],
        [
            1543673305,
            86.7,
            3
        ],
        [
            1543673245,
            86.87,
            3
        ],
        [
            1543673185,
            86.78,
            3
        ],
        [
            1543673125,
            86.74,
            3
        ],
        [
            1543673065,
            86.69,
            3
        ],
        [
            1543673005,
            86.62,
            3
        ],
        [
            1543672945,
            86.67,
            3
        ],
        [
            1543672885,
            86.82,
            3
        ],
        [
            1543672825,
            86.66,
            3
        ],
        [
            1543672765,
            86.76,
            3
        ],
        [
            1543672705,
            86.67,
            3
        ],
        [
            1543672645,
            86.75,
            3
        ],
        [
            1543672585,
            86.73,
            3
        ],
        [
            1543672525,
            86.53,
            3
        ],
        [
            1543672465,
            86.85,
            3
        ],
        [
            1543672405,
            86.85,
            3
        ],
        [
            1543672345,
            86.71,
            3
        ],
        [
            1543672285,
            86.74,
            3
        ],
        [
            1543672225,
            86.74,
            3
        ],
        [
            1543672165,
            86.74,
            3
        ],
        [
            1543672105,
            86.7,
            3
        ],
        [
            1543672045,
            86.7,
            3
        ],
        [
            1543671985,
            86.67,
            3
        ],
        [
            1543671925,
            86.61,
            3
        ],
        [
            1543671866,
            0,
            3
        ],
        [
            1543671633,
            0,
            3
        ],
        [
            1543671573,
            0,
            3
        ],
        [
            1543671513,
            0,
            3
        ],
        [
            1543671454,
            0,
            3
        ],
        [
            1543671305,
            0,
            3
        ],
        [
            1543671244,
            0,
            3
        ],
        [
            1543671184,
            0,
            3
        ],
        [
            1543671124,
            0,
            3
        ],
        [
            1543671064,
            0,
            3
        ],
        [
            1543671004,
            0,
            3
        ],
        [
            1543670944,
            0,
            3
        ],
        [
            1543670884,
            86.61,
            3
        ],
        [
            1543670824,
            86.82,
            3
        ],
        [
            1543670764,
            86.64,
            3
        ],
        [
            1543670704,
            86.63,
            3
        ],
        [
            1543670644,
            86.7,
            3
        ],
        [
            1543670584,
            86.62,
            3
        ],
        [
            1543670524,
            86.73,
            3
        ],
        [
            1543670464,
            86.73,
            3
        ],
        [
            1543670404,
            86.81,
            3
        ],
        [
            1543670344,
            86.64,
            3
        ],
        [
            1543670284,
            86.73,
            3
        ],
        [
            1543670224,
            86.68,
            3
        ],
        [
            1543670164,
            86.78,
            3
        ],
        [
            1543670104,
            86.73,
            3
        ],
        [
            1543670044,
            86.76,
            3
        ],
        [
            1543669984,
            86.69,
            3
        ],
        [
            1543669925,
            13.08,
            3
        ],
        [
            1543669726,
            0,
            3
        ],
        [
            1543669268,
            86.76,
            3
        ],
        [
            1543669208,
            86.84,
            3
        ],
        [
            1543669148,
            86.54,
            3
        ],
        [
            1543669088,
            86.69,
            3
        ],
        [
            1543669028,
            86.81,
            3
        ],
        [
            1543668969,
            60.11,
            3
        ],
        [
            1543667885,
            0,
            3
        ],
        [
            1543667825,
            0,
            3
        ],
        [
            1543667766,
            0,
            3
        ]
 ]
